a+b:
[5.0000 3.0000 5.0000 3.0000 14.0000 14.0000 12.0000 5.0000 4.0000 11.0000]
[9.0000 15.0000 10.0000 11.0000 4.0000 8.0000 10.0000 11.0000 9.0000 3.0000]
[14.0000 10.0000 12.0000 15.0000 12.0000 5.0000 3.0000 3.0000 5.0000 6.0000]
[2.0000 9.0000 11.0000 4.0000 11.0000 11.0000 11.0000 9.0000 3.0000 3.0000]
[9.0000 17.0000 8.0000 7.0000 15.0000 5.0000 10.0000 11.0000 5.0000 0.0000]
[4.0000 7.0000 11.0000 14.0000 14.0000 8.0000 12.0000 6.0000 13.0000 9.0000]
[17.0000 7.0000 6.0000 10.0000 10.0000 17.0000 3.0000 10.0000 16.0000 8.0000]
[5.0000 10.0000 13.0000 17.0000 13.0000 6.0000 14.0000 10.0000 10.0000 12.0000]
[5.0000 10.0000 16.0000 12.0000 6.0000 9.0000 8.0000 11.0000 3.0000 7.0000]
[10.0000 16.0000 3.0000 8.0000 9.0000 6.0000 6.0000 10.0000 6.0000 5.0000]

a*b
[0.0000 0.0000 6.0000 0.0000 49.0000 45.0000 27.0000 0.0000 4.0000 28.0000]
[14.0000 54.0000 16.0000 24.0000 3.0000 12.0000 21.0000 28.0000 8.0000 2.0000]
[45.0000 9.0000 32.0000 54.0000 32.0000 6.0000 0.0000 0.0000 0.0000 0.0000]
[0.0000 18.0000 24.0000 3.0000 24.0000 24.0000 24.0000 14.0000 0.0000 2.0000]
[0.0000 72.0000 0.0000 12.0000 56.0000 6.0000 16.0000 28.0000 6.0000 0.0000]
[0.0000 12.0000 30.0000 45.0000 48.0000 0.0000 32.0000 5.0000 36.0000 0.0000]
[72.0000 6.0000 5.0000 21.0000 9.0000 72.0000 0.0000 24.0000 63.0000 12.0000]
[0.0000 21.0000 40.0000 72.0000 36.0000 8.0000 48.0000 24.0000 24.0000 27.0000]
[4.0000 24.0000 64.0000 32.0000 9.0000 14.0000 15.0000 30.0000 0.0000 6.0000]
[25.0000 63.0000 0.0000 0.0000 20.0000 0.0000 5.0000 16.0000 8.0000 6.0000]

a@b
[137.0000 212.0000 212.0000 226.0000 281.0000 131.0000 272.0000 165.0000 192.0000 146.0000]
[219.0000 303.0000 281.0000 296.0000 349.0000 221.0000 310.0000 200.0000 232.0000 281.0000]
[122.0000 250.0000 201.0000 205.0000 296.0000 155.0000 263.0000 133.0000 118.0000 176.0000]
[157.0000 154.0000 158.0000 169.0000 213.0000 90.0000 168.0000 103.0000 117.0000 154.0000]
[85.0000 270.0000 204.0000 165.0000 273.0000 143.0000 282.0000 149.0000 153.0000 176.0000]
[175.0000 261.0000 199.0000 271.0000 265.0000 166.0000 244.0000 208.0000 181.0000 132.0000]
[121.0000 291.0000 288.0000 267.0000 353.0000 180.0000 357.0000 205.0000 234.0000 198.0000]
[160.0000 239.0000 203.0000 220.0000 251.0000 178.0000 219.0000 162.0000 174.0000 159.0000]
[183.0000 197.0000 191.0000 207.0000 270.0000 138.0000 229.0000 129.0000 173.0000 170.0000]
[78.0000 197.0000 133.0000 127.0000 165.0000 91.0000 159.0000 112.0000 71.0000 125.0000]